image: mymap.pgm
resolution: 1.00000
origin: [-100.000000, -100.000000, 0.000000]
negate: 0
occupied_thresh: 0.65
free_thresh: 0.196
width: 20
height: 20

